49994.067000000003
49995.243000000002
50006.129000000001
50006.959999999999
50007.038000000000
50029.190000000002
50029.993999999999
50030.945000000000
50032.070000000000
50032.875000000000
50033.966000000000
50034.328000000001
50035.982000000004
50036.375000000000
50058.154999999999
50084.995000000003
50086.097999999998
50086.953999999998
50087.995000000003
50088.832999999999
50089.845000000001
50109.824999999997
50115.862000000001
50119.732000000004
50120.942999999999
50135.750999999997
50136.902000000002
50137.921000000002
50138.731000000000
50185.794999999998
50206.726000000002
50240.807999999997
50245.690999999999
50260.712000000000
50264.542999999998
50268.747000000003
50293.233999999997
50298.309000000001
50332.125999999997
50338.391000000003
50342.074000000001
50344.216000000000
50348.241000000002
50350.341000000000
50355.226000000002
50381.192000000003
50386.218999999997
50387.392000000000
50389.053999999996
50391.078000000001
50394.031999999999
50396.089999999997
50398.116999999998
50400.071000000004
50402.169000000002
50404.178000000000
50406.087000000000
50408.097999999998
50415.970000000001
50418.091000000000
50420.125999999997
50421.985000000001
50451.951999999997
50456.995000000003
50459.012000000002
50463.078999999998
50466.815999999999
50467.686999999998
50505.866999999998
50508.069000000003
50514.680000000000
50516.868000000002
50536.623000000000
50581.762000000002
50594.595999999998
50606.474999999999
50610.760000000002
50639.697999999997
50642.264999999999
50674.218999999997
50675.343999999997
50682.480000000003
50684.415999999997
50686.410000000003
50700.271999999997
50711.442999999999
50713.182000000001
50717.250000000000
50719.394000000000
50720.019000000000
50721.182000000001
50723.514999999999
50724.398000000001
50725.468999999997
50726.084000000003
50728.245999999999
50756.135999999999
50760.091000000000
50762.148000000001
50765.180999999997
50769.211000000003
50786.160000000003
50790.070000000000
50793.220000000001
50796.082000000002
50797.137000000002
50801.097999999998
50803.190999999999
50804.035000000003
50818.904999999999
50822.004999999997
50825.230000000003
50830.906999999999
50831.966000000000
50835.978000000003
50842.161000000000
50845.116000000002
50848.887999999999
50851.843999999997
50856.928999999996
50859.940000000002
50870.923000000003
50873.913999999997
50875.828000000001
50878.760000000002
50882.724999999999
50902.870999999999
50905.824999999997
50911.493999999999
50928.548000000003
50936.796000000002
50941.875999999997
50947.709999999999
50948.758000000002
50958.493999999999
50959.516000000003
50962.574999999997
50965.607000000004
51012.284000000000
51013.214999999997
51020.260000000002
51024.228000000003
51032.262999999999
51040.175000000003
51060.220000000001
51063.366000000002
51069.502999999997
51074.483999999997
51078.368000000002
51086.139000000003
51089.177000000003
51091.235000000001
51092.271000000001
51093.279999999999
51094.307000000001
51097.307000000001
51108.118000000002
51113.989000000001
51117.017999999996
51120.110999999997
51121.254000000001
51122.311000000002
51127.196000000004
51133.195000000000
51136.131999999998
51140.339000000000
51149.006999999998
51153.163000000000
51183.978000000003
51187.972999999998
51189.021999999997
51212.665999999997
51228.830000000002
51230.959999999999
51237.805000000000
51239.904000000002
51243.805000000000
51249.656999999999
51252.860000000001
51255.686000000002
51258.697999999997
51260.767000000000
51271.695000000000
51281.731000000000
51286.786000000000
51304.561999999998
51306.764999999999
51364.648000000001
51365.724000000002
51366.550000000003
51367.553999999996
51367.642000000000
51368.548000000003
51369.601999999999
51370.608000000000
51371.527000000002
51372.669000000002
51372.730000000003
51373.618999999999
51374.603999999999
51375.707999999999
51376.337000000000
51377.332999999999
51378.483000000000
51379.480000000003
51381.650999999998
51382.555999999997
51385.578000000001
51386.421000000002
51387.430000000000
51388.447000000000
51389.425000000003
51390.358999999997
51391.315999999999
51391.599999999999
51392.337000000000
51393.313999999998
51394.440999999999
51395.482000000004
51396.462000000000
51397.563999999998
51398.436000000002
51399.415000000001
51400.447999999997
51401.463000000003
51401.516000000003
51402.358999999997
51403.372000000003
51404.500000000000
51405.459000000003
51411.226000000002
51432.442000000003
51433.368999999999
51435.258000000002
51439.275999999998
51452.154999999999
51463.336000000003
51467.154000000002
51469.351000000002
51475.279000000002
51502.188000000002
51505.152999999998
51505.267000000000
51515.093000000001
51540.921999999999
51544.881999999998
51562.927000000003
51579.853000000003
51583.928999999996
51589.830000000002
51595.851999999999
51601.908000000003
51606.824999999997
51611.762999999999
51614.898999999998
51616.752999999997
51621.945000000000
51627.796999999999
51632.866999999998
51641.766000000003
51669.883999999998
51689.741999999998
51693.487999999998
51706.712000000000
51713.705999999998
51805.169000000002
51814.385999999999
51817.502999999997
51820.379000000001
51823.315000000002
51827.285000000003
51843.233999999997
51849.991000000002
51857.099999999999
51871.097000000002
51899.173999999999
51903.963000000003
51908.137000000002
51911.131000000001
51928.974000000002
51954.050000000003
51965.008000000002
51970.760999999999
51980.654999999999
52080.739999999998
52081.652000000002
52084.644000000000
52085.642000000000
52087.637999999999
52088.635999999999
52092.623000000000
52093.595999999998
52094.616999999998
52095.616000000002
52102.597000000002
52109.610999999997
52110.574000000001
52114.563999999998
52115.561000000002
52116.557999999997
52117.555000000000
52122.540000000001
52123.536999999997
52124.536000000000
52128.538999999997
52129.521000000001
52131.516000000003
52135.504999999997
52137.500000000000
52138.497000000003
52153.455999999998
52154.453000000001
52157.446000000004
52158.446000000004
52159.440000000002
52173.400999999998
52179.385999999999
52193.349000000002
52200.328999999998
52240.167999999998
52242.163000000000
52243.159000000000
52244.156999999999
52245.152999999998
52246.150000000001
52248.146000000001
52249.142000000000
52250.139000000003
52251.137000000002
52252.135000000002
52253.131000000001
52254.125999999997
52255.127000000000
52256.124000000003
52257.122000000003
52258.116999999998
52259.116000000002
52260.114000000001
52261.110000000001
52272.923000000003
52275.135999999999
52305.165000000001
52313.830999999998
52324.845000000001
52348.868999999999
52350.868000000002
52351.860999999997
52352.858999999997
52355.849999999999
52358.843000000001
52446.601999999999
52447.597999999998
52448.597000000002
52449.595000000001
52450.591000000000
52451.589000000000
52455.572000000000
52456.574999999997
52457.571000000004
52461.561000000002
52462.557999999997
52463.553000000000
52464.553000000000
52465.550000000003
52466.546000000002
52471.534000000000
52472.557999999997
52473.529000000002
52474.527000000002
52475.517000000000
52479.512000000002
52480.508000000002
52481.506999999998
52482.504000000001
52485.502000000000
52486.485999999997
52492.482000000004
52493.459999999999
52498.451000000001
52499.447000000000
52500.444000000003
52501.440999999999
52507.427000000003
52508.421999999999
52509.419999999998
52510.417000000001
52511.413000000000
52516.400999999998
52517.398000000001
52518.394999999997
52519.392000000000
52520.391000000003
52523.381000000001
52527.358000000000
52527.383999999998
52531.360000000001
52532.357000000004
52535.349000000002
52537.343000000001
52538.339999999997
52539.338000000003
52542.330000000002
52543.326000000001
52544.322999999997
52555.294000000002
52556.290999999997
52560.279999999999
52561.277999999998
52562.275000000001
52563.271000000001
52564.269000000000
52571.396999999997
52576.271999999997
52579.364000000001
52585.292999999998
52589.377999999997
52597.966999999997
52601.343000000001
52606.315999999999
52609.972999999998
52612.167999999998
52617.110000000001
52636.127999999997
52659.824999999997
52689.883000000002
52696.828999999998
52698.665999999997
52708.656999999999
52731.722999999998
52743.792999999998
52756.843000000001
52764.633999999998
52766.786000000000
52771.656000000003
52772.599999999999
52778.692000000003
52795.680999999997
52797.762999999999
52800.639999999999
52802.830000000002
52811.762999999999
52815.764999999999
52816.779000000002
52824.709000000003
52835.527000000002
52836.523999999998
52837.523999999998
52838.519000000000
52841.510000000002
52842.508000000002
52843.506000000001
52847.495000000003
52849.489000000001
52856.546999999999
52866.440999999999
52867.438999999998
52868.436000000002
52869.432999999997
52870.567999999999
52873.315000000002
52878.466999999997
52879.462000000000
52882.478999999999
52886.565000000002
52899.142999999996
52899.180000000000
52914.209000000003
52917.252000000000
52921.349000000002
52923.406999999999
52925.173000000003
52927.167000000001
52955.107000000004
52960.298999999999
52964.249000000003
52967.067999999999
52978.177000000003
52982.987000000001
52988.218000000001
52995.260000000002
53007.213000000003
53016.129000000001
53019.152000000002
53025.105000000003
53059.059999999998
53064.997000000003
53068.055000000000
53073.805000000000
53078.843999999997
53080.769000000000
53090.730000000003
53095.684000000001
53098.964999999997
53102.919000000002
53116.921999999999
53117.699999999997
53120.654999999999
53153.758999999998
53163.669000000002
53165.495999999999
53173.646999999997
53202.726999999999
53214.248000000000
53225.260000000002
53239.252000000000
53241.188999999998
53245.387999999999
53254.305000000000
53255.224000000002
53287.262000000002
53291.286000000000
53292.190000000002
53296.383000000002
53403.019999999997
53408.828000000001
53414.841999999997
53419.953999999998
53425.071000000004
53428.080999999998
53440.968000000001
53445.972000000002
53449.709999999999
53460.894999999997
53470.843999999997
53487.874000000003
53494.762999999999
53501.762999999999
53551.692999999999
53581.641000000003
53598.248000000000
53616.260000000002
53616.260000000002
53633.288999999997
53636.332999999999
53637.332000000002
53638.328000000001
53639.324999999997
53641.320000000000
53642.319000000003
53643.315000000002
53644.313000000002
53645.309000000001
53646.307000000001
53647.303999999996
53648.300999999999
53649.298999999999
53650.294999999998
53651.294000000002
53652.290000000001
53654.286000000000
53668.279999999999
53680.108000000000
53691.152000000002
53695.296999999999
53700.250000000000
53727.057000000001
53732.968000000001
53740.794999999998
53747.112000000001
53749.084999999999
53756.963000000003
53761.074999999997
53764.093999999997
53771.822999999997
53776.987000000001
53782.016000000003
53790.036999999997
53800.834000000003
53805.836000000003
53813.997000000003
53819.798999999999
53821.940000000002
53828.807999999997
53829.803999999996
53830.800999999999
53831.798999999999
53832.796000000002
53833.794999999998
53834.790999999997
53846.758000000002
53847.752999999997
53853.752000000000
53854.735999999997
53865.614999999998
53870.783000000003
53878.690000000002
53898.743000000002
53913.709999999999
53925.510000000002
53953.510999999999
53967.321000000004
53992.267000000000
54008.110000000001
54026.239000000001
54031.368999999999
54039.264000000003
54050.273999999998
54059.186999999998
54070.190999999999
54078.957999999999
54096.919000000002
54110.087000000000
54119.839000000000
54129.123000000000
54150.620999999999
54165.805999999997
54169.832999999999
54179.841999999997
54193.796999999999
54206.836000000003
54220.775999999998
54226.845999999998
54238.637000000002
54243.654999999999
54279.716000000000
54295.546999999999
54303.606000000000
54326.580000000002
54338.243999999999
54350.413000000000
54353.411999999997
54357.480000000003
54395.328999999998
54401.042000000001
54408.338000000003
54411.188000000002
54422.178999999996
54426.237999999998
54431.298999999999
54437.101999999999
54441.220999999998
54446.966999999997
54455.974000000002
54462.978000000003
54468.019000000000
54473.133000000002
54498.824000000001
54508.881000000001
54516.792000000001
54541.800999999999
54555.603999999999
54569.779000000002
54592.841000000000
54617.624000000003
54625.798999999999
54635.491000000002
54642.553000000000
54646.381000000001
54655.684999999998
54665.281000000003
54677.190999999999
54690.171000000002
54703.446000000004
54717.305000000000
54731.213000000003
54741.233000000000
54751.294000000002
54769.097000000002
54779.057999999997
54788.222000000002
54791.161999999997
54801.877999999997
54805.218999999997
54810.222999999998
54817.976000000002
54822.987000000001
54830.059999999998
54840.743999999999
54844.021000000001
54849.071000000004
54861.923000000003
54865.652000000002
54874.802000000003
54883.703999999998
54891.760000000002
54896.631000000001
54902.732000000004
54906.627000000000
54912.644000000000
54922.898000000001
54930.794000000002
54941.648999999998
54951.578000000001
54957.661000000000
54965.730000000003
54973.561999999998
54980.728000000003
55024.512999999999
55037.633000000002
55052.207000000002
55062.192999999999
55070.165999999997
55081.224000000002
55092.442999999999
55099.114999999998
55107.290000000001
55115.175999999999
55122.148999999998
55132.269000000000
55147.332000000002
55162.222000000002
55170.014999999999
55180.942000000003
55188.942999999999
55195.220000000001
55204.160000000003
55214.889999999999
55217.985000000001
55225.050999999999
55231.874000000003
55238.900999999998
55247.866999999998
55256.866000000002
55285.775999999998
55296.661000000000
55309.754000000001
55316.758000000002
55324.639999999999
