54849.066
54859.918
54861.924
54865.647
54874.797
54883.699
54891.755
54896.625
54902.735
54906.622
54911.712
54912.644
54922.893
54940.632
54941.649
54951.572
54965.725
54980.723
55023.516
55024.513
55037.628
55052.201
55062.187
55070.160
55081.219
55092.438
55099.110
55115.180
55122.151
55132.264
55147.331
55162.216
55170.010
55180.937
55188.938
55195.214
55204.155
55214.885
55225.045
55231.869
55238.896
55247.862
55256.861
55266.975
55285.770
55296.654
55309.747
55316.753
55324.640
55331.717
55359.745
55373.485
55386.664
55401.618
55412.233
55427.230
55442.226
55470.185
55484.348
55487.203
55492.005
55520.170
55529.154
55539.886
55550.097
55551.129
55555.121
55562.065
55568.958
55574.903
55576.869
55583.907
55588.942
55592.863
55598.004
55602.873
55608.779
55612.838
55621.893
55625.873
55634.892
55642.654
55646.781
55653.606
55657.646
55661.774
55667.580
55669.569
55673.727
55676.613
55681.617
55686.857
55690.613
55693.695
55696.602
55707.524
55707.621
55708.676
55710.628
55729.558
55731.509
55733.279
55734.677
55736.442
55737.531
55738.688
55740.605
55742.510
55743.681
55745.347
55746.516
55748.432
55749.519
55750.676
55752.431
55753.556
55777.677
55779.607
55781.203
55783.156
55784.641
55786.236
55787.578
55794.132
55796.116
55798.158
55800.168
55802.519
55805.136
55807.129
55808.479
55828.488
55830.398
55834.256
55835.417
55837.263
55838.277
55839.445
55840.342
55843.289
55845.167
55846.302
55848.149
55849.279
55850.400
55852.184
55863.069
55864.432
55874.255
55875.909
55877.227
55878.313
55879.164
55880.308
55882.067
55883.180
55884.290
55885.922
55887.069
55888.216
55890.050
55891.236
55892.983
55894.139
55895.283
55896.192
55897.337
55899.013
55900.142
55901.957
55904.991
55906.228
55908.992
55911.017
55912.149
55913.240
55914.903
55915.003
55916.290
55917.788
55919.000
55920.121
55921.935
55923.068
55925.010
55925.112
55926.922
55928.111
55930.873
55932.019
55933.121
55934.920
55934.981
55935.795
55936.074
55936.989
55938.075
55939.101
55940.090
55941.861
55942.044
55943.809
55945.039
55946.978
55948.148
55949.095
55949.837
55951.129
55952.907
55953.964
55955.154
55955.859
55956.872
55957.810
55958.093
55960.008
55961.131
55962.048
55963.124
55964.793
55966.087
55967.060
55968.682
55970.027
55971.849
55972.723
55973.837
55974.849
55976.820
55977.976
55978.866
55980.025
55981.894
55983.003
55984.833
55986.039
55989.006
55990.734
56002.752
56003.846
56004.868
56005.951
56006.767
56009.843
56012.905
56015.841
56017.817
56019.768
56029.723
56030.891
56032.580
56034.635
56035.817
56041.685
56043.535
56045.767
56046.801
56054.474
56059.580
56062.697
56063.747
56076.707
56107.517
56109.451
56110.722
56112.544
56113.720
56115.621
56118.272
56129.671
56131.261
56133.273
56135.265
56136.449
56139.387
56142.475
56143.625
56145.322
56147.269
56148.349
56149.261
56150.479
56152.203
56153.569
56155.267
56156.361
56157.503
56159.295
56161.228
56162.336
56163.480
56167.257
56176.208
56178.206
56179.377
56181.232
56183.189
56185.216
56186.248
56188.220
56190.206
56192.422
56248.188
56249.344
56251.065
56252.182
56254.186
56255.271
56258.126
56259.260
56261.110
56262.238
56263.313
56264.962
56265.044
56265.966
56267.134
56268.988
56270.967
56272.228
56295.036
56302.102
56309.995
56314.981
56327.769
56330.047
56331.130
56332.971
56334.069
56336.878
56338.848
56339.707
56341.021
56352.015
56353.793
56354.949
56356.886
56358.020
56364.779
56368.876
56369.976
56371.782
56373.755
56374.853
56376.859
56377.967
56379.604
56380.826
56382.692
56383.884
56385.666
56386.855
56388.640
56389.930
56391.820
56400.831
56402.725
56404.683
56406.698
56407.868
56409.640
56410.860
56412.525
56413.680
56414.831
56422.708
56424.670
56426.749
56427.788
56441.722
56443.612
56444.729
56445.596
56452.301
56463.714
56465.618
56467.489
56468.699
56470.363
56471.653
56473.343
56474.586
56476.464
56477.615
56479.583
56481.475
56483.325
56485.616
56488.288
56490.635
56492.302
56493.570
56494.664
56496.292
56498.256
56501.260
56504.243
56506.289
56507.634
56509.289
56511.325
56513.295
56514.506
56517.239
56519.272
56521.303
56524.264
56526.254
56528.276
56530.333
56532.248
56534.255
56535.458
56536.584
56538.261
56540.236
56542.294
56543.488
56546.199
56548.194
56549.324
56551.273
56553.271
56557.207
56563.194
56569.082
56571.157
56573.198
56575.230
56577.082
56578.288
56581.114
56601.245
56603.173
56605.093
56606.261
56608.278
56610.190
56612.202
56613.277
56615.142
56617.000
56618.126
56619.219
56621.011
56622.020
56625.095
56626.193
56629.004
56630.140
56631.020
56632.107
56632.982
56634.124
56635.079
56636.028
56637.136
56637.995
56638.992
56639.992
56640.980
56641.145
56645.086
56647.219
56648.109
56654.055
56655.105
56657.183
56658.164
56659.954
56660.204
56661.862
56662.931
56663.995
56664.110
56664.973
56668.141
56669.069
56670.110
56670.985
56672.918
56675.891
56676.889
56682.116
56684.875
56692.863
56693.972
56695.031
56698.998
56699.973
56701.746
56703.803
56704.922
56705.906
56708.025
56710.879
56711.830
56715.814
56727.927
56728.910
56729.941
56730.850
56731.754
56732.684
56733.846
56734.819
56735.728
56736.736
56737.705
56738.887
56740.681
56742.983
56745.712
56746.704
56751.731
56752.683
56752.842
56753.862
56755.842
56759.767
56765.832
56766.776
56767.782
56768.738
56769.714
56775.681
56776.850
56777.690
56780.619
56781.776
56786.765
56788.649
56789.603
56826.697
56827.630
56828.479
56829.561
56830.547
56848.207
56849.205
56850.202
56850.452
56851.449
56883.252
56886.423
56888.211
56891.196
56892.264
56893.253
56894.397
56900.281
56908.295
56912.172
56917.246
56921.460
56925.232
56929.242
56935.274
56941.280
56955.290
56957.077
56963.100
56969.036
56971.252
56976.152
56978.027
56982.050
56985.320
56987.209
56989.147
56993.174
56996.937
57000.228
57003.978
57005.009
57009.930
57011.131
57014.929
57018.126
57025.941
57028.187
57033.977
57039.118
57043.794
57056.903
57063.006
57069.866
57075.917
57094.992
57101.712
57107.954
57116.764
57122.561
57126.863
57132.877
57138.672
57144.749
57152.790
57160.584
57169.595
57183.742
57194.673
57208.505
57219.406
57227.478
57235.496
57247.540
57262.256
57276.430
57281.445
57286.340
57305.156
57307.340
57315.150
57321.243
57325.280
57328.230
57332.251
57358.277
57365.986
57372.126
57378.019
57385.030
57389.929
57395.030
57399.956
57402.129
57406.024
57408.990
57412.020
57416.027
57420.860
57426.904
57433.945
57436.908
57456.749
57462.770
57470.908
57475.750
57482.717
57489.683
57494.833
57503.558
57508.645
57512.819
57517.381
57520.889
57523.794
57525.784
57531.722
57535.593
57540.618
57542.747
57600.521
57604.417
57608.496
57613.284
57619.478
57622.546
57627.254
57631.256
57634.528
57636.192
57639.418
57643.082
57656.256
57661.219
57666.241
57670.311
57674.400
57679.201
57696.262
57702.307
57709.018
57713.997
57720.140
57725.225
57732.150
57737.161
57742.097
57749.217
57754.124
57760.944
57764.896
57770.861
57777.710
57785.843
57788.980
57798.928
57805.988
57807.048
57819.826
57820.857
57823.893
57825.892
57832.747
57835.932
57841.873
57849.693
57864.602
57877.583
57878.580
57890.547
57897.546
57903.533
57917.474
57926.449
57933.444
57936.434
57937.434
57938.417
57941.430
57943.403
57944.400
57945.410
57956.460
57966.576
57977.376
57998.253
58000.250
58006.231
58010.220
58011.217
58017.201
58018.198
58023.196
58024.182
58025.179
58032.163
58033.163
58034.155
58040.138
58041.156
58042.133
58044.127
58045.125
58046.126
58048.116
58056.073
58062.057
58069.229
58076.053
58086.943
58088.898
58092.149
58101.007
58106.167
58116.077
58123.014
58131.944
58145.973
58153.916
58161.805
58162.038
58170.963
58175.926
58184.817
58186.904
58191.788
58215.835
58219.769
58224.856
58250.551
58251.538
58252.535
58257.522
58258.519
58272.567
58287.538
58304.513
58307.505
58308.502
58315.552
58317.550
58331.508
58332.506
58333.503
58334.500
58335.497
58336.495
58341.481
58345.474
58346.461
58347.458
58348.455
58349.452
58350.449
58351.448
58352.444
58354.439
58355.442
58356.433
58357.432
58358.428
58359.434
58365.409
58366.406
58372.389
58373.387
58376.379
58377.376
58378.313
58392.275
58393.281
58394.279
58396.264
58397.261
58398.270
58399.256
58416.285
58417.322
58429.078
58432.069
58440.131
58445.183
58447.197
58455.970
58463.173
58471.094
58483.110
58495.969
58501.980
58507.134
58514.947
58515.937
58516.934
58517.931
58518.932
58520.923
58521.920
58522.927
58523.915
58524.912
58525.909
58526.906
58527.905
58529.898
58530.895
58531.893
58534.885
58535.884
58536.879
58537.882
58538.874
58539.871
58540.868
58541.866
58542.863
58547.849
58548.847
58551.926
58572.804
58573.798
58579.782
58586.764
58587.760
58591.755
58599.721
58601.722
58602.729
58603.718
58606.702
58607.714
58608.702
58609.700
58610.699
58612.704
58618.675
58619.666
58620.663
58622.671
58623.662
58625.661
58629.639
58630.636
58635.622
58636.620
58642.616
58643.607
58646.595
58647.596
58648.604
58649.597
58650.588
58651.585
58653.580
58657.564
58658.562
58659.559
58660.555
58661.551
58662.540
58664.543
58665.540
58666.537
58678.504
58691.469
58692.466
58703.436
58704.433
58713.411
58714.415
58721.381
58722.384
58724.379
58728.368
58736.360
58737.343
58744.318
58752.302
58753.300
58758.288
58778.231
58779.229
58780.227
58781.223
58782.208
58797.191
58807.114
58812.238
58836.093
58844.997
58849.071
58851.762
58855.137
58856.073
58859.846
58862.012
58864.047
58893.082
58900.829
58909.793
58916.764
58922.810
58998.630
59004.608
59005.618
59006.600
59007.597
59010.604
59012.590
59013.585
59014.590
59017.570
59019.575
59020.568
59021.568
59022.557
59024.558
59025.564
59026.545
59030.534
59031.532
59033.529
59037.522
59038.513
59039.526
59040.507
59041.505
59043.499
59049.483
59051.477
59052.474
59053.489
59054.469
59055.466
59056.465
59057.475
59058.458
59060.452
59061.450
59066.436
59073.417
59080.404
59084.377
59087.372
59108.219
59110.217
59120.267
59126.164
59139.363
59142.292
59144.255
59145.314
59150.229
59152.217
59161.378
59168.164
59173.217
59175.289
59181.122
59182.121
59183.121
59184.114
59188.103
59189.105
59190.097
59191.104
59192.092
59195.084
59196.081
59201.067
59202.071
59203.062
59204.059
59205.057
59206.202
59214.157
59218.135
59220.116
59227.933
59233.952
59241.069
59245.948
59253.923
59260.904
59264.901
59268.070
59272.881
59273.874
59275.863
59279.941
59287.678
59292.816
59294.817
59295.814
59296.853
59306.797
59309.770
59313.759
59317.787
59327.642
59330.714
59335.816
59339.688
59340.685
59346.661
59347.658
59352.644
59353.612
59359.727
59361.616
59362.617
59363.618
59364.616
59365.614
59366.608
59373.608
59381.565
59382.572
59383.571
59384.557
59390.436
59400.666
59406.665
59418.469
59423.615
59428.345
59454.366
59461.523
59467.249
59481.229
59490.191
59502.217
59516.218
59517.210
59518.209
59519.197
59521.193
59525.298
59530.179
59531.156
59533.157
59534.087
59544.123
59551.042
59560.142
59569.055
59574.056
59579.151
59584.143
59588.031
59591.106
59600.079
59607.038
59611.899
59613.940
59621.909
59638.860
59648.808
59658.708
59665.761
59693.711
59694.820
59706.517
59721.709
59728.705
59736.602
59745.569
59748.561
59753.558
59757.536
59758.537
59759.531
59760.528
59761.527
59763.519
59764.517
59765.514
59766.525
59767.509
59772.495
59774.489
59775.483
59778.709
59826.520
59828.362
59829.339
59836.320
59840.308
59846.293
59847.290
59859.257
59864.238
59876.296
59889.320
59903.178
59909.121
59919.279
59927.123
59931.947
59933.114
59937.045
59940.036
59943.034
59946.014
59947.993
59954.024
59957.858
59966.107
59972.835
59975.938
59976.949
59984.915
59989.097
59996.881
59997.878
59998.891
60000.871
60003.972
60007.907
60009.867
60010.842
60011.840
60012.837
60013.835
60014.716
60021.804
60029.776
60036.766
60040.761
60041.753
60042.749
60043.752
60044.754
60049.730
60061.697
60062.695
60064.697
60065.694
60068.684
60070.673
60074.668
60075.666
60076.662
60077.666
60079.654
60081.643
60082.640
60083.665
60084.640
60086.635
60087.632
60088.629
60092.631
60096.604
60097.599
60104.586
60107.572
60108.575
60109.572
60110.569
60111.569
60111.650
60116.684
60119.546
60120.542
60121.563
60133.654
60148.579
60162.565
60169.623
60176.249
60184.243
60190.416
60220.361
60226.267
60231.278
60237.344
60241.268
60243.072
60256.269
60270.151
60296.072
60301.074
60305.026
60310.986
60320.849
60328.147
60336.959
60342.924
60348.916
60355.879
60365.012
60374.963
60382.718
60387.023
60390.833
60395.839
60399.721
60405.700
60410.678
60416.659
60422.804
60424.627
60428.643
60434.667
60441.820
60446.760
60457.452
60464.794
60471.700
60479.709
60487.725
60497.630
60505.717
60512.622
60518.552
60525.570
60531.221
60540.377
60546.506
60554.436
60569.428
60575.366
60581.402
60583.370
60589.203
60595.205
60602.098
60608.178
60614.273
60620.234
60627.249
60633.052
60639.120
60645.050
60668.071
60678.110
60685.958
60689.155
60694.919
60700.864
60725.714
60735.979
60747.854
60756.831
60764.735
60768.768
60772.721
60778.848
60783.675
60788.806
60794.857
60799.818
60804.887
60811.857
60819.668
